w1 = tf([0.2 1],[0.4 1])
w2 = tf([2 1],[3 1])
w3 = tf([2 1],[1 0])

w4 = w1*w2
w5 = 1/(1 + w4)
w6 = w5/(1 - w5*w2)
w7 = w4 - w3
w8 = w7 * w6