W1 = tf([1 0],[1 3])
W2 = tf([0.2 1],[0.1 3])
W3 = tf([0.8 1],[3 0])

P1 = W1*W2
P2 = W3*W2

L1 = -W2
L2 = W1*W2

D1 = 1
D2 = 1
D = 1 - (L1+L2)


W = (P1*D1+P2*D2)/(D)
